Confusion Matrix

TN: 80, FP: 20, FN: 21, TP: 79

Precision: 0.797980
Recall: 0.790000
F1: 0.793970
