Confusion Matrix

TN: 117, FP: 3, FN: 2, TP: 118

Precision: 0.975207
Recall: 0.983333
F1: 0.979253
