Confusion Matrix

TN: 120, FP: 0, FN: 0, TP: 120

Precision: 1.000000
Recall: 1.000000
F1: 1.000000
