Confusion Matrix

TN: 116, FP: 4, FN: 8, TP: 112

Precision: 0.965517
Recall: 0.933333
F1: 0.949153
