Confusion Matrix

TN: 119, FP: 1, FN: 1, TP: 119

Precision: 0.991667
Recall: 0.991667
F1: 0.991667
