Confusion Matrix

TN: 296, FP: 24, FN: 23, TP: 297

Precision: 0.925234
Recall: 0.928125
F1: 0.926677
