Confusion Matrix

TN: 296, FP: 24, FN: 24, TP: 296

Precision: 0.925000
Recall: 0.925000
F1: 0.925000
