Confusion Matrix

TN: 82, FP: 18, FN: 18, TP: 82

Precision: 0.820000
Recall: 0.820000
F1: 0.820000
