Confusion Matrix

TN: 75, FP: 25, FN: 26, TP: 74

Precision: 0.747475
Recall: 0.740000
F1: 0.743719
